26,35,158,172,211,195,55,28,93,32,75,79,65,12,52,132
180,40,85,21,62,131,111,8,45,213,50,83,30,205,109,82
159,235,146,150,103,27,171,7,54,191,234,166,224,219,164,210
147,140,44,5,144,189,184,76,228,177,165,108,161,115,124,229
118,192,56,31,15,57,225,61,71,84,101,168,104,3,236,121
179,220,94,89,186,47,87,212,96,49,107,204,58,149,119,248
14,114,206,99,18,237,201,51,190,154,138,20,46,48,70,142
4,247,1,129,143,123,178,9,24,252,95,74,98,198,69,253
41,208,112,125,67,170,116,34,22,181,216,196,60,43,72,81
23,200,251,202,77,256,92,230,207,162,117,209,139,157,63,10
149,58,220,204,179,87,186,107,94,119,49,248,47,212,96,89
195,172,158,79,211,65,55,28,12,35,75,52,26,132,93,32
194,86,183,155,80,245,188,222,2,42,182,156,223,130,167,17
214,226,59,239,151,145,163,6,120,78,203,133,127,238,88,53
4,143,178,129,253,9,24,74,1,98,198,247,69,95,252,123
76,140,184,124,108,44,177,161,165,228,229,115,144,189,147,5
68,242,137,128,11,110,33,173,232,126,37,254,176,64,16,255
133,53,145,151,59,78,214,88,226,239,120,238,203,6,163,127
106,233,148,19,187,90,221,25,39,135,141,218,217,160,215,36
111,109,45,8,131,50,83,40,85,62,21,180,82,205,213,30
196,208,116,67,112,60,41,22,181,125,216,170,72,81,34,43
166,210,103,235,219,191,234,164,171,7,146,150,224,159,27,54
97,136,197,38,243,175,185,199,73,246,249,105,102,66,174,231
71,15,31,84,104,118,61,101,168,56,121,192,236,225,57,3
70,142,237,20,51,48,14,206,201,114,138,46,190,154,18,99
103,166,159,171,210,164,7,27,219,146,54,234,235,224,191,150
22,181,170,41,43,34,208,216,125,72,60,67,196,116,112,81
182,223,183,42,17,167,245,188,80,194,2,222,86,156,155,130
244,169,240,113,153,250,134,193,152,29,241,227,100,91,13,122
198,69,9,253,4,129,1,74,252,247,98,24,123,95,143,178
121,57,236,168,104,15,3,225,118,71,101,61,31,56,192,84
117,139,209,77,23,200,202,10,256,63,92,157,162,251,230,207
194,223,155,156,182,2,130,42,17,188,245,80,222,86,183,167
27,103,150,164,224,54,166,219,191,235,7,234,159,146,210,171
193,13,91,113,134,240,100,169,241,244,153,152,250,227,29,122
79,55,93,158,172,52,35,75,12,132,195,26,211,32,28,65
236,56,101,192,3,71,61,84,225,118,121,104,31,168,57,15
125,67,34,43,72,181,170,41,116,22,81,112,60,208,216,196
77,251,139,23,117,157,63,207,10,92,162,256,202,230,200,209
129,69,1,9,24,98,247,178,123,95,252,198,253,74,143,4
139,200,202,77,162,251,230,207,256,10,63,209,23,157,92,117
43,125,60,116,41,22,208,170,81,196,34,112,181,216,72,67
237,14,46,201,20,142,48,99,18,70,190,114,138,51,206,154
204,96,58,212,179,248,220,186,149,107,119,47,49,94,89,87
66,73,97,199,136,102,243,175,185,38,105,246,197,231,174,249
44,189,124,229,147,108,144,161,228,177,115,140,184,76,5,165
33,137,242,110,37,16,176,254,64,126,128,232,68,255,11,173
245,156,86,130,155,167,188,42,194,2,222,223,183,80,17,182
14,201,99,154,70,237,206,20,190,138,18,48,142,51,114,46
73,136,38,243,246,66,249,174,197,102,175,105,231,199,97,185
161,44,124,189,184,115,177,147,76,140,229,5,228,144,165,108
241,227,13,29,134,244,250,240,153,100,91,193,122,113,152,169
59,53,203,163,88,127,239,145,120,133,214,151,226,78,6,238
233,36,141,90,106,217,135,39,19,218,160,221,148,25,215,187
182,2,188,156,223,222,183,80,194,167,245,130,17,42,86,155
247,4,69,74,198,129,252,178,9,253,24,143,98,95,1,123
191,150,27,234,224,164,166,7,159,219,235,103,210,146,54,171
70,99,20,206,48,46,237,114,138,18,142,201,14,154,190,51
221,141,36,160,233,19,135,106,148,215,218,90,187,217,39,25
197,136,199,174,185,249,105,243,97,102,38,246,73,175,66,231
13,169,227,250,152,113,240,244,241,29,193,100,91,122,134,153
177,228,229,108,124,44,140,165,5,144,189,115,76,161,147,184
128,173,16,110,33,255,37,11,137,176,232,242,254,126,64,68
178,1,9,253,252,198,74,98,95,247,143,123,69,24,129,4
9,24,129,74,247,98,143,4,123,1,178,69,198,95,252,253
77,23,202,207,157,139,256,92,209,117,251,10,162,63,230,200
155,188,222,183,130,167,2,194,245,156,223,182,86,17,80,42
52,55,65,12,79,211,75,132,158,26,172,32,28,35,93,195
60,116,112,170,208,196,41,22,125,81,43,181,216,34,67,72
84,56,31,57,225,236,61,101,71,104,118,3,192,121,15,168
235,27,7,234,191,150,219,54,103,146,171,159,164,166,224,210
76,229,140,147,124,161,115,144,108,177,184,189,228,165,44,5
2,156,182,183,155,17,222,194,130,245,223,167,42,86,80,188
170,116,60,34,41,208,81,125,67,196,181,72,112,43,216,22
35,93,32,132,28,158,172,55,211,65,52,12,26,75,195,79
177,76,44,115,140,229,144,147,228,5,189,124,165,108,161,184
250,240,134,13,29,241,113,100,244,153,152,193,227,169,91,122
128,137,173,37,232,64,68,126,254,11,176,33,16,255,242,110
192,104,84,57,225,56,236,15,61,101,71,3,168,121,118,31
18,99,51,46,237,20,190,142,201,114,138,14,70,48,206,154
156,188,86,194,42,2,223,130,17,80,245,222,182,155,167,183
119,204,89,87,212,220,186,107,179,96,58,49,149,47,94,248
142,237,46,18,201,14,48,99,154,190,51,70,138,206,114,20
73,197,174,243,231,246,249,185,105,199,38,136,102,66,97,175
40,62,50,21,205,111,213,131,82,8,83,109,45,30,180,85
215,187,90,141,25,39,221,148,135,233,160,19,217,106,218,36
112,41,81,208,196,22,60,170,34,72,216,43,181,116,67,125
133,239,238,59,226,214,145,163,78,127,53,120,6,151,88,203
106,160,215,90,187,135,217,141,36,218,221,148,39,19,25,233
6,88,59,53,238,127,214,239,145,151,120,163,226,133,203,78
34,125,72,208,216,196,43,41,170,181,81,22,112,67,116,60
198,129,95,123,74,1,143,252,178,24,98,9,247,69,253,4
222,80,167,130,155,182,245,183,17,223,188,156,194,2,86,42
220,119,96,107,179,49,89,47,204,58,94,186,87,212,149,248
124,184,115,165,177,5,189,76,228,108,140,144,229,161,147,44
159,146,224,234,54,7,191,150,210,27,171,103,166,219,235,164
180,111,62,45,109,50,40,85,8,82,30,205,131,83,21,213
244,250,13,193,241,91,153,134,227,152,113,29,122,169,100,240
150,191,159,219,54,164,7,210,234,27,235,166,224,146,171,103
179,186,94,248,87,47,107,119,89,204,149,220,96,212,49,58
165,189,140,5,229,124,177,184,144,76,161,115,228,108,147,44
242,11,232,110,37,173,128,137,255,254,126,176,16,64,33,68
4,129,252,253,178,123,9,143,247,69,98,95,24,74,1,198
17,223,80,86,155,245,194,156,42,182,188,2,222,183,167,130
228,76,165,161,147,44,229,115,189,184,140,124,144,108,5,177
130,223,156,86,182,222,155,183,245,194,167,188,80,42,2,17
99,20,70,154,237,14,206,201,51,190,142,18,114,46,48,138
8,30,50,180,62,82,109,83,111,205,85,21,213,40,45,131
34,208,41,125,216,67,72,43,196,60,181,170,112,81,22,116
24,253,1,247,129,69,98,143,198,9,95,178,123,4,74,252
166,171,164,54,159,27,219,224,146,234,191,150,7,103,210,235
254,16,128,137,110,232,176,68,255,126,64,11,33,242,173,37
148,218,25,187,141,233,19,106,221,215,90,135,39,160,217,36
241,122,193,100,91,113,134,13,169,250,152,244,153,29,227,240
120,59,151,88,214,133,226,78,53,239,6,203,163,127,145,238
196,170,208,216,112,43,22,41,34,116,72,60,81,181,67,125
46,99,18,51,114,70,138,48,237,190,201,20,14,154,206,142
115,76,44,5,144,189,124,229,161,108,228,147,184,140,177,165
209,92,63,200,230,10,23,202,256,157,117,139,207,251,77,162
245,86,188,183,17,194,80,222,167,2,155,182,42,223,156,130
57,15,225,84,71,168,56,61,236,192,31,121,104,3,118,101
5,177,189,144,229,140,124,228,76,44,147,115,161,184,108,165
160,36,39,148,106,25,19,215,218,187,217,135,221,233,141,90
155,182,223,42,183,156,2,188,130,245,86,80,167,222,194,17
164,210,146,150,159,191,171,103,219,224,235,27,54,166,7,234
134,113,169,193,29,122,91,227,153,250,241,100,13,240,152,244
23,200,10,162,139,209,157,230,207,63,92,256,117,77,251,202
33,232,64,110,242,68,128,16,37,254,137,11,126,176,255,173
164,54,27,103,146,159,224,171,191,210,219,234,166,150,235,7
58,212,119,204,186,248,107,179,220,47,87,96,89,149,49,94
20,154,99,14,237,190,142,48,114,201,18,138,70,51,46,206
223,188,194,167,80,222,182,17,86,156,183,245,42,155,130,2
68,255,176,173,33,110,126,254,11,16,128,137,232,64,242,37
250,13,153,240,169,134,29,122,113,152,244,91,193,241,100,227
141,36,218,215,233,160,19,135,39,90,25,106,148,217,187,221
123,74,247,143,178,9,129,98,198,1,252,24,95,69,253,4
151,6,226,145,53,59,214,203,120,88,238,127,239,133,78,163
87,248,49,212,186,107,179,96,94,47,89,220,58,149,119,204
19,187,217,106,36,221,141,160,218,25,39,135,90,233,148,215
130,223,245,42,182,80,155,167,188,2,194,183,222,156,17,86
190,70,51,237,206,142,48,46,114,14,201,138,18,154,99,20
153,227,193,100,169,13,122,241,244,240,152,250,29,91,113,134
236,168,56,101,71,3,61,192,104,84,121,57,118,225,31,15
44,177,147,76,189,115,140,184,144,229,228,5,165,124,108,161
137,110,242,16,11,37,64,128,33,126,255,232,68,254,173,176
152,250,113,244,91,240,134,13,169,227,100,29,153,122,193,241
131,21,50,83,8,180,82,213,40,109,30,111,45,85,205,62
248,96,186,149,47,220,94,179,49,89,107,58,204,119,87,212
121,31,118,225,168,192,15,71,236,84,61,56,3,57,101,104
114,70,190,201,237,142,154,138,99,20,14,48,206,46,18,51
98,9,143,247,129,123,95,69,252,1,74,178,198,253,24,4
219,103,27,224,235,150,159,171,234,166,146,54,7,210,191,164
92,251,230,117,200,157,77,23,256,207,162,202,63,209,139,10
18,154,51,190,70,201,142,46,138,206,99,114,48,14,20,237
27,171,146,164,54,234,219,150,103,166,235,210,7,191,224,159
66,243,197,185,174,136,175,199,246,73,97,249,105,38,102,231
196,181,67,81,112,43,41,72,170,34,60,22,208,125,116,216
183,188,86,2,167,80,42,156,223,245,155,222,194,130,182,17
98,143,252,69,74,178,4,129,24,123,198,1,95,247,253,9
168,101,71,56,192,121,225,15,31,84,236,118,3,104,57,61
223,2,155,130,182,167,183,86,245,156,222,194,80,17,188,42
164,7,159,166,54,150,235,103,219,191,234,27,146,224,171,210
193,240,227,244,152,113,122,29,91,169,153,250,13,241,100,134
105,174,102,199,243,249,175,231,66,136,38,73,197,97,185,246
28,93,52,79,75,158,55,32,12,195,26,35,65,172,211,132
127,151,226,88,78,163,59,145,53,203,238,120,6,239,214,133
101,31,84,71,192,56,57,104,236,168,15,3,61,118,225,121
125,116,22,60,170,181,196,112,41,81,72,216,67,208,43,34
198,98,95,1,69,143,247,252,253,178,4,74,9,123,24,129
60,196,181,72,22,116,125,41,67,216,170,81,112,34,43,208
192,225,101,236,118,56,57,84,168,121,3,61,71,104,15,31
234,159,146,27,224,210,150,103,164,219,191,166,171,235,7,54
211,172,79,26,195,32,12,35,28,132,52,93,55,75,158,65
201,51,48,190,46,20,14,99,206,18,237,142,154,138,70,114
186,119,94,89,87,220,96,47,58,204,248,212,149,107,179,49
10,77,139,251,209,202,162,92,200,23,207,256,157,63,117,230
8,205,180,111,45,213,62,82,83,21,131,85,30,50,40,109
7,27,210,191,235,219,234,224,150,146,166,164,159,54,103,171
47,204,220,87,212,94,96,107,149,58,49,248,186,89,119,179
20,138,18,46,190,237,114,51,206,48,154,201,14,70,142,99
176,254,242,64,11,37,232,16,110,126,128,255,33,137,68,173
251,117,207,200,10,162,230,23,256,63,77,139,92,202,209,157
215,218,135,90,187,25,217,148,36,221,160,39,141,19,106,233
127,226,120,133,6,214,78,238,151,163,145,203,239,53,88,59
37,110,255,128,232,242,68,64,33,126,137,16,173,176,254,11
46,48,70,154,20,237,138,18,51,142,206,201,99,14,190,114
59,53,151,145,163,203,214,226,133,127,120,6,239,88,238,78
25,19,90,160,106,148,221,218,215,217,233,39,36,187,141,135
198,129,252,74,123,247,143,9,98,253,95,69,1,24,4,178
208,72,81,67,116,43,216,112,181,60,125,41,34,170,22,196
87,96,220,49,179,58,186,89,212,248,149,47,119,94,107,204
134,169,91,13,152,193,153,250,29,240,113,100,244,122,227,241
105,66,185,174,97,136,73,199,243,102,246,38,249,175,197,231
128,16,242,37,232,137,254,173,176,110,33,64,11,126,68,255
183,42,194,130,223,17,222,188,80,167,156,182,245,155,2,86
46,18,206,14,237,154,70,142,99,201,48,20,114,190,51,138
162,63,92,117,23,251,209,200,10,77,256,202,139,157,230,207
184,124,76,161,115,147,144,165,108,229,177,44,228,189,140,5
6,53,239,120,151,238,88,226,145,163,203,214,59,127,78,133
19,135,148,106,90,215,36,218,233,25,187,221,160,39,141,217
233,221,141,39,19,160,106,36,218,148,217,90,25,135,187,215
105,197,102,174,175,243,246,199,97,66,136,185,249,231,73,38
204,149,96,179,94,212,186,89,47,58,107,248,87,49,119,220
41,112,196,181,125,208,22,43,60,34,116,67,81,170,216,72
86,167,183,156,42,222,17,2,194,130,80,188,245,223,155,182
59,238,6,151,133,120,145,127,78,214,226,88,203,53,163,239
77,63,157,162,23,230,117,256,92,200,207,209,251,202,10,139
247,4,74,69,178,129,98,252,95,24,143,1,123,253,198,9
90,135,160,215,141,221,19,218,106,39,187,217,148,25,36,233
22,181,125,81,112,216,116,72,67,43,208,60,41,196,34,170
157,77,23,139,230,209,117,207,92,10,256,63,200,251,162,202
64,255,110,232,254,126,173,176,137,33,16,11,128,37,242,68
166,54,164,27,191,103,234,159,146,235,171,219,7,224,150,210
156,130,80,42,223,222,167,194,183,182,155,17,245,86,2,188
184,5,124,189,161,177,76,228,165,44,229,115,140,144,147,108
236,61,225,168,104,31,192,15,57,71,84,56,118,121,3,101
174,175,185,199,231,73,38,246,105,136,243,66,97,249,102,197
156,42,17,86,130,223,182,167,183,222,2,155,245,80,188,194
6,203,133,151,145,163,120,238,88,53,127,239,59,214,78,226
228,189,115,76,124,108,161,140,144,177,184,5,44,229,147,165
82,40,111,205,85,8,30,45,180,62,50,131,109,213,21,83
204,248,87,89,47,107,149,49,212,220,186,96,58,94,119,179
29,91,113,250,153,13,240,241,244,227,152,122,134,169,100,193
23,202,209,10,139,117,200,256,251,230,157,63,92,207,77,162
149,58,89,47,179,119,96,204,220,248,94,87,107,49,212,186
102,105,97,174,231,175,246,66,199,38,185,249,136,197,73,243
182,194,223,130,80,86,222,245,156,42,17,2,183,155,167,188
203,6,120,88,163,214,78,151,239,53,226,145,59,133,127,238
169,13,152,250,241,113,153,100,240,134,244,122,29,91,227,193
251,202,209,207,117,139,10,256,162,63,157,23,200,230,77,92
3,192,56,101,57,118,104,15,31,71,225,61,168,236,121,84
252,1,143,98,4,247,178,129,253,198,123,69,74,9,95,24
161,108,144,140,147,229,184,44,5,165,124,115,228,177,189,76
232,68,173,242,255,254,64,33,126,11,128,16,176,37,110,137
210,27,171,159,191,150,235,146,164,234,166,219,103,224,54,7
250,91,13,100,113,122,152,227,240,193,241,153,134,29,244,169
60,196,125,116,67,112,22,170,41,208,43,34,216,181,81,72
155,223,17,167,156,245,2,42,222,188,86,194,183,182,130,80
148,90,215,141,221,218,233,217,19,39,25,160,36,135,187,106
52,93,12,26,75,158,195,132,65,28,35,211,32,172,55,79
